0.000000000000000000e+00
0.000000000000000000e+00
0.000000000000000000e+00
0.000000000000000000e+00
0.000000000000000000e+00
-6.066659903340567705e-01
-4.786218801696788261e-01
-3.819931631970238661e-01
-3.097505974892740821e-01
-2.550204887700883716e-01
-2.139610901176078328e-01
-1.874422260320537381e-01
-1.665864456381137837e-01
-1.497859271389204161e-01
-1.351797653972968694e-01
-1.226281232549731870e-01
-1.117352604879483374e-01
-1.037239683550528618e-01
-9.603445230734522498e-02
-9.000969807836103898e-02
-8.471115595601694248e-02
-7.944118000531505408e-02
-7.482489790938903762e-02
-7.108398245905118984e-02
-6.754272787509810194e-02
-6.434098655004312495e-02
-6.059083357027306854e-02
-5.762018899177626802e-02
-5.478617814782228701e-02
-5.204682866421319470e-02
-4.966882119645082971e-02
-4.735767363768029342e-02
-4.515546758035459546e-02
-4.326457365478953571e-02
-4.157106882940905801e-02
-3.993009644626972082e-02
-3.840491812150662737e-02
-3.696325660264723756e-02
-3.564978668355160002e-02
-3.442892191071809244e-02
-3.327925712283854448e-02
-3.210045879247221817e-02
-3.094801763239626510e-02
-2.997194624499312232e-02
-2.899492955751716006e-02
-2.803843225043864754e-02
-2.714793379128753112e-02
-2.636027922727616699e-02
-2.555375520888868157e-02
-2.479456112444052354e-02
-2.403231881981369653e-02
-2.328616027042984538e-02
-2.259172116807010508e-02
-2.191006029201065033e-02
-2.127234829320564027e-02
-2.064908455518302960e-02
-2.005917565810036787e-02
-1.947861275176496904e-02
-1.895775114413647197e-02
-1.842442438827522622e-02
-1.796317495345218715e-02
-1.751758611295404014e-02
-1.710609473684106610e-02
-1.669494382970701865e-02
-1.632692347525133147e-02
-1.594339570164888392e-02
-1.559175728886651006e-02
-1.526767610635070341e-02
-1.495187035796097068e-02
-1.464451086592860433e-02
-1.435148382259967235e-02
-1.404532683149485595e-02
-1.374886550068791721e-02
-1.346245806320138516e-02
-1.318603927431763814e-02
-1.292161205063075899e-02
-1.267401853009989324e-02
-1.245185539738303919e-02
-1.224405453219109402e-02
-1.204393142913405372e-02
-1.185066070104423726e-02
-1.165930233255978686e-02
-1.147126710512250646e-02
-1.129544972246071359e-02
-1.113453607210693024e-02
-1.097556055617248359e-02
-1.081822167823969817e-02
-1.065561375203224852e-02
-1.050195627851898718e-02
-1.034922518369597172e-02
-1.019295350880694388e-02
-1.004540294939989566e-02
-9.893705663490588026e-03
-9.756330212841456823e-03
-9.621400773901368775e-03
-9.489330014807192612e-03
-9.368874418034044138e-03
-9.245877664635386226e-03
-9.123838075680908155e-03
-9.001441690191114980e-03
-8.878770407724421304e-03
-8.757683980585143080e-03
-8.632373566615622953e-03
-8.517415479103312981e-03
-8.404533185204458162e-03
-8.291850624751113605e-03
-8.187467106554654345e-03
-8.084693355212236796e-03
-7.988187509775476064e-03
-7.889434224012382285e-03
-7.792876286362807395e-03
-7.703522783490263960e-03
-7.610655793989325700e-03
-7.518882348640258326e-03
-7.433684878872698007e-03
-7.345154199716014999e-03
-7.263896523938279635e-03
-7.182141089872050299e-03
-7.105871223861527988e-03
-7.026487315106115343e-03
-6.955984130062994354e-03
-6.877585854678947702e-03
-6.809814908570183470e-03
-6.738262368061221329e-03
-6.673736091451687794e-03
-6.608829461431064457e-03
-6.547764072026731122e-03
-6.481158853841047229e-03
-6.422733229000839039e-03
-6.359231090286816997e-03
-6.296059725268670325e-03
-6.232728903415400527e-03
-6.177858052359112319e-03
-6.118303241254748233e-03
-6.066740906623566305e-03
-6.002916428338453750e-03
-5.941529874471880406e-03
-5.886198175076040942e-03
-5.831591164425483330e-03
-5.778138813018717825e-03
-5.723941210476231681e-03
-5.672139102617181766e-03
-5.619066550097692909e-03
-5.570704890693653488e-03
-5.523140590675919802e-03
-5.477562980820986985e-03
-5.425409835318280652e-03
-5.377974851103845162e-03
-5.333937564782465987e-03
-5.289159301863229599e-03
-5.244522352710148140e-03
-5.198826433619060071e-03
-5.159144944421469037e-03
-5.119052303197157289e-03
-5.079857468277043132e-03
-5.042974024105892177e-03
-4.999294886979889323e-03
-4.957889030282159638e-03
-4.917423213665826978e-03
-4.877102152406915560e-03
-4.838590178334843672e-03
-4.803781693710891705e-03
-4.757863412780914680e-03
-4.719845638609519722e-03
-4.681290831213697108e-03
-4.643865560270147609e-03
-4.606576928323778339e-03
-4.567692186132476552e-03
-4.528802508768300233e-03
-4.493708052178937290e-03
-4.459786512054660264e-03
-4.427828020027068517e-03
-4.392464244335495850e-03
-4.363225868521775422e-03
-4.330777170582019928e-03
-4.300915437773411044e-03
-4.271781759768160380e-03
-4.241753374610332354e-03
-4.211688228420920090e-03
-4.181693478524827617e-03
-4.153092275052699955e-03
-4.122018759279928724e-03
-4.090830916363070655e-03
-4.061390137683476391e-03
-4.029506505948594192e-03
-3.996994022597191720e-03
-3.967886081519338484e-03
-3.933519393037647471e-03
-3.900547319093497153e-03
-3.870749434538748018e-03
-3.835896777648015524e-03
-3.808398026269185777e-03
-3.781155967226979518e-03
-3.752391047441626468e-03
-3.726411126441529342e-03
-3.698691348857826786e-03
-3.675710407280874392e-03
-3.648357226112658620e-03
-3.625131481704971237e-03
0.000000000000000000e+00
