0.000000000000000000e+00
0.000000000000000000e+00
0.000000000000000000e+00
0.000000000000000000e+00
0.000000000000000000e+00
-6.388873734270540394e-01
-5.098846950831853464e-01
-4.082766318167292963e-01
-3.273945421062396388e-01
-2.746245165796839527e-01
-2.363458760309610496e-01
-2.109335804861578734e-01
-1.903859292727742014e-01
-1.729722684369567609e-01
-1.593403545348508199e-01
-1.476433715154653326e-01
-1.353912994362512223e-01
-1.233905416544829187e-01
-1.143167556247352279e-01
-1.063858943127089923e-01
-9.882797638631012072e-02
-9.146568315173916885e-02
-8.500243313738682638e-02
-7.927334105492890581e-02
-7.430905281203378787e-02
-7.062277259950447417e-02
-6.787383889847203866e-02
-6.517170572917237170e-02
-6.248381617621426298e-02
-5.973751933228425154e-02
-5.716917844971253909e-02
-5.450918560838379640e-02
-5.212050401249085363e-02
-4.979036891233201700e-02
-4.764534271013456251e-02
-4.584055483061845460e-02
-4.411721500591206380e-02
-4.254400430259173971e-02
-4.102304519815033745e-02
-3.952988096596139062e-02
-3.800950048401557230e-02
-3.665427163366818258e-02
-3.541361982809394099e-02
-3.446623966845595299e-02
-3.336288110232019793e-02
-3.229502703095585292e-02
-3.121552587651180849e-02
-3.026202820889654921e-02
-2.935892981711749755e-02
-2.849974171372894952e-02
-2.763177026341815529e-02
-2.681017695572180531e-02
-2.607712465168986887e-02
-2.540306778947358859e-02
-2.473681208854288174e-02
-2.413829893848416439e-02
-2.357435635601692198e-02
-2.303157389790747370e-02
-2.249768944656983793e-02
-2.197645305779542813e-02
-2.147846174488050874e-02
-2.102175846239656351e-02
-2.057642090678892671e-02
-2.014334502939767180e-02
-1.973130595729331513e-02
-1.934945713877723322e-02
-1.895091222048793725e-02
-1.852337994487498335e-02
-1.813898241609785897e-02
-1.775184597587348492e-02
-1.737639731013532890e-02
-1.704037295480060818e-02
-1.670180799172991254e-02
-1.639074227800853961e-02
-1.621065292772988845e-02
-1.596743802234771095e-02
-1.571622701736839073e-02
-1.546144948468885019e-02
-1.520796611880546531e-02
-1.495325976578214776e-02
-1.471530831859171363e-02
-1.447627637944490925e-02
-1.422305508577443971e-02
-1.395563973954358321e-02
-1.370375202080920639e-02
-1.345121763597636674e-02
-1.319840666440529227e-02
-1.295548577429775534e-02
-1.274050236818157975e-02
-1.253105102849565514e-02
-1.234229039149701071e-02
-1.215659444242744858e-02
-1.199706811285920077e-02
-1.184487938026827260e-02
-1.167997395193112395e-02
-1.151998823019146322e-02
-1.137133191202919363e-02
-1.120336043070689104e-02
-1.102813504978250071e-02
-1.085381612766705278e-02
-1.066523531820788226e-02
-1.048167756888154778e-02
-1.032979315363238663e-02
-1.016978375342956001e-02
-1.000549634214827760e-02
-9.853167903100586850e-03
-9.711258117988976618e-03
-9.595235653468642614e-03
-9.476770071640924775e-03
-9.362198866655131735e-03
-9.259220361660847401e-03
-9.152238850180662022e-03
-9.041907925426376225e-03
-8.941603667200087938e-03
-8.828534476144284451e-03
-8.716087558852940453e-03
-8.605747047838544286e-03
-8.490133496787758902e-03
-8.376430677454737087e-03
-8.267351319848200916e-03
-8.162537364086001890e-03
-8.063206504318619697e-03
-7.970687513539513602e-03
-7.880321997287918073e-03
-7.784920565282692044e-03
-7.698526515607332678e-03
-7.616618982598913172e-03
-7.525866897587316084e-03
-7.446854225740232210e-03
-7.366509490318915929e-03
-7.291106962140034634e-03
-7.210089687114678778e-03
-7.141868065746436074e-03
-7.063994947166207967e-03
-6.991386890235879413e-03
-6.914707922686569481e-03
-6.847570271947086250e-03
-6.787876158747033727e-03
-6.720442256057099217e-03
-6.656882624859142977e-03
-6.598478502778165090e-03
-6.535945936076655027e-03
-6.473315276389673620e-03
-6.408563704872361801e-03
-6.362365973522952391e-03
-6.300410608686806899e-03
-6.244075361069981178e-03
-6.182347280858264960e-03
-6.128340272729694213e-03
-6.076201511277801171e-03
-6.030542978407616925e-03
-5.990934706263206615e-03
-5.937166413727152162e-03
-5.886680990169894032e-03
-5.843711967598171422e-03
-5.796360280861572248e-03
-5.750845188965326114e-03
-5.708586469955429475e-03
-5.671438406174886260e-03
-5.626072456466015351e-03
-5.577640889007725103e-03
-5.536810550938464637e-03
-5.491060582468058025e-03
-5.446993403397582499e-03
-5.409323341459713538e-03
-5.362080456218298354e-03
-5.315644980895922224e-03
-5.272117409929629080e-03
-5.230283547178244188e-03
-5.189721714064840681e-03
-5.147928110540224943e-03
-5.104957274046788111e-03
-5.061972644344849698e-03
-5.017649443915962910e-03
-4.975021748278404127e-03
-4.932978164033767661e-03
-4.890438736420466698e-03
-4.848150829186896084e-03
-4.808899066239952051e-03
-4.768640352220631339e-03
-4.728858650492973568e-03
-4.687682713176816521e-03
-4.647929133133131552e-03
-4.611249385046240108e-03
-4.572865421064538881e-03
-4.533352105283987299e-03
-4.496864120412336074e-03
-4.458692623555055891e-03
-4.422624808306008064e-03
-4.388146039196085500e-03
-4.351876937298499413e-03
-4.314326330665225508e-03
-4.279927975986256433e-03
-4.243946115237438692e-03
-4.208186361324339417e-03
-4.174110440367949544e-03
-4.138629585104282305e-03
-4.105522798827683159e-03
-4.070802742861837249e-03
0.000000000000000000e+00
