0.000000000000000000e+00
0.000000000000000000e+00
0.000000000000000000e+00
0.000000000000000000e+00
0.000000000000000000e+00
0.000000000000000000e+00
-5.369409635406694470e-01
-4.201715010950490270e-01
-3.517983462189593902e-01
-3.129634766169711035e-01
-2.894200108596751697e-01
-2.707000615189096848e-01
-2.549624356559803684e-01
-2.413371810328347189e-01
-2.237981060345730078e-01
-2.086085006283929788e-01
-1.909719609068738222e-01
-1.764725720406398191e-01
-1.649767320366714307e-01
-1.547982786857361459e-01
-1.447857725787381200e-01
-1.358970984400088566e-01
-1.282652765796211125e-01
-1.210038579706054634e-01
-1.147616838651627363e-01
-1.085984474749160933e-01
-1.037267152204874587e-01
-9.877131171989422809e-02
-9.455230334796105307e-02
-9.053761152973503756e-02
-8.681061803088861717e-02
-8.304599316696810452e-02
-7.980406529834074836e-02
-7.647294157481178412e-02
-7.307927603647736137e-02
-7.040456549574648781e-02
-6.761529065838502162e-02
-6.496648800728335726e-02
-6.241375243842878229e-02
-6.020758894519186860e-02
-5.795223911139174566e-02
-5.593610222028359835e-02
-5.432053072568549662e-02
-5.263657570503063599e-02
-5.091028238594653976e-02
-4.945723443318795348e-02
-4.803791281656136919e-02
-4.664055182082735285e-02
-4.512593190379717012e-02
-4.398310863040273688e-02
-4.284868669442147560e-02
-4.167232284437525497e-02
-4.053364949504317805e-02
-3.945657708443520151e-02
-3.840651077183446227e-02
-3.740874695135266298e-02
-3.645161203178774040e-02
-3.554264638456766656e-02
-3.476059998046911875e-02
-3.393915418864477951e-02
-3.312032378070710326e-02
-3.229240616646814055e-02
-3.157935680743723800e-02
-3.088063814299696688e-02
-3.020912678902246476e-02
-2.954941524987857518e-02
-2.884935554792573617e-02
-2.824287657621735170e-02
-2.764486592590711944e-02
-2.710803812254227591e-02
-2.654674125644440955e-02
-2.596474836950297613e-02
-2.549792398942386448e-02
-2.499139495255601681e-02
-2.449574427187705197e-02
-2.400129832403332178e-02
-2.354149920319016306e-02
-2.311779202749884507e-02
-2.272151013594075897e-02
-2.231107175633521844e-02
-2.191539886801991549e-02
-2.152641428062047890e-02
-2.111217347271471950e-02
-2.077938549758010303e-02
-2.042119994379763132e-02
-2.008698087670630905e-02
-1.974242702256199383e-02
-1.942547972496431671e-02
-1.909874697645627326e-02
-1.881926185798809062e-02
-1.853268779307509426e-02
-1.824739183827592259e-02
-1.797908637399832019e-02
-1.768604834394383804e-02
-1.740573571472039602e-02
-1.714066446114778999e-02
-1.688988489598465884e-02
-1.665569583524399710e-02
-1.642148574406546852e-02
-1.619046571820017405e-02
-1.596248116059318517e-02
-1.572949787506226771e-02
-1.552458621910771802e-02
-1.532591743062477682e-02
-1.511582183980279825e-02
-1.491213202124252492e-02
-1.471082118323443176e-02
-1.450039690289129518e-02
-1.431863892858216761e-02
-1.415401706974416147e-02
-1.398351652942679026e-02
-1.381659125620894428e-02
-1.364436950135396870e-02
-1.347764030029257633e-02
-1.330541049606566266e-02
-1.313793777802921628e-02
-1.299325048248854871e-02
-1.284169533870301375e-02
-1.268901128879557257e-02
-1.255147447580284674e-02
-1.241504000398491354e-02
-1.227216194502961204e-02
-1.213411905334985975e-02
-1.201273080434288668e-02
-1.188817428543630615e-02
-1.176553525946569430e-02
-1.163464679874971243e-02
-1.150831042493245283e-02
-1.138607587990564558e-02
-1.126995740697424656e-02
-1.117169108799884528e-02
-1.106656201551978018e-02
-1.096209523526247426e-02
-1.086156574255164181e-02
-1.076477803712911491e-02
-1.066571714502239851e-02
-1.056109932469609554e-02
-1.047889960805871087e-02
-1.039337600643487104e-02
-1.030741690274974975e-02
-1.021699764731218325e-02
-1.014671705821777042e-02
-1.007186783880877415e-02
-9.998095736991516672e-03
-9.932965221645615253e-03
-9.868007724682109280e-03
-9.815101186421608739e-03
-9.759528492077184508e-03
-9.704892066995859934e-03
-9.652923547445428284e-03
-9.603571480322195195e-03
-9.560536226012113226e-03
-9.517335405904221723e-03
-9.482415830020936645e-03
-9.455037569866391392e-03
-9.433300794840119435e-03
-9.411230591137347001e-03
-9.398791006381780611e-03
-9.385945632824471349e-03
-9.383754661370457759e-03
-9.371919095952472786e-03
-9.366247970474132767e-03
-9.387645360977232498e-03
-9.387573309712635497e-03
-9.387126052227101961e-03
-9.421474567402063696e-03
-9.416575920705012176e-03
-9.456139295208238621e-03
-9.448127542169459242e-03
-9.491145164921286140e-03
-9.475185394607439290e-03
-9.522108539952001127e-03
-9.495263904130777505e-03
-9.532782392068457622e-03
-9.580165334640275421e-03
-9.540215641460549068e-03
-9.574542045477090965e-03
-9.610884980162298641e-03
-9.554951372929908204e-03
-9.581101184782418387e-03
-9.606481610314743236e-03
-9.642746116626832106e-03
-9.680307160962534074e-03
-9.695770370681186523e-03
-9.606523027435301051e-03
-9.692511643370701341e-03
-9.693030054685558214e-03
-9.682216529493558807e-03
-9.691235668433922229e-03
-9.661128667466165401e-03
-9.753716928528659291e-03
-9.712534743946295290e-03
-9.648426210885284807e-03
-9.622698519418654631e-03
-9.289367921200344935e-03
-9.144914200354278822e-03
-8.995677536190882159e-03
-8.780883563910086773e-03
-8.315363903691991992e-03
-7.580545026413978808e-03
