0.000000000000000000e+00
0.000000000000000000e+00
0.000000000000000000e+00
0.000000000000000000e+00
0.000000000000000000e+00
-6.379897148877696766e-01
-4.975045823795649635e-01
-4.012489353243652301e-01
-3.355118601043152182e-01
-2.936616074408500143e-01
-2.663402819638813201e-01
-2.451079708722384565e-01
-2.271428822040438833e-01
-2.120475735188725730e-01
-1.990858194464593944e-01
-1.843053709920508820e-01
-1.709776808304472595e-01
-1.564781017479170977e-01
-1.438716174604214859e-01
-1.325462305829073761e-01
-1.222017463222614397e-01
-1.135518025021360761e-01
-1.061235296291148100e-01
-1.006063527522587514e-01
-9.516721672696519529e-02
-9.045362288663824635e-02
-8.593841283077446880e-02
-8.203485156883084939e-02
-7.845416364228864625e-02
-7.539285984306240418e-02
-7.251879952759190950e-02
-6.992606014480293175e-02
-6.761669371809590767e-02
-6.542091952638856567e-02
-6.269505203860208098e-02
-6.025910905870365819e-02
-5.771233766610587429e-02
-5.549475962490022646e-02
-5.323568134819017111e-02
-5.139749656384651894e-02
-4.945638867459853372e-02
-4.772296796297236660e-02
-4.613723241434517647e-02
-4.453936017843344169e-02
-4.322829342806867176e-02
-4.181500755854401785e-02
-4.051896537114345331e-02
-3.930907975414332789e-02
-3.810041538556413476e-02
-3.705381183281974966e-02
-3.607276948275046913e-02
-3.513283008615158964e-02
-3.421179081725481824e-02
-3.339908603515701763e-02
-3.265235991274521160e-02
-3.186179279949621912e-02
-3.113188853637502765e-02
-3.049463388108585721e-02
-2.989545991302411734e-02
-2.929006624454249044e-02
-2.865983741594872389e-02
-2.813621278740508283e-02
-2.759212240324506252e-02
-2.705726231831096645e-02
-2.650187329620623880e-02
-2.601344793185145221e-02
-2.551535642004686827e-02
-2.501369534294606983e-02
-2.450526692069417839e-02
-2.406997755998186925e-02
-2.364710873970640032e-02
-2.319730957195184282e-02
-2.273384114774270465e-02
-2.236619390643734481e-02
-2.196567288927395861e-02
-2.157028986090164802e-02
-2.116272663746239860e-02
-2.082505131442030991e-02
-2.047423402619504354e-02
-2.012987212662079722e-02
-1.978827914213728348e-02
-1.946937231534159526e-02
-1.915719692588193149e-02
-1.883626279226020481e-02
-1.850550924610461570e-02
-1.820124609331271251e-02
-1.793767563231468340e-02
-1.764852103375474587e-02
-1.736936988843292701e-02
-1.708901346208640745e-02
-1.683945606065379019e-02
-1.658901361623553103e-02
-1.633435378912465388e-02
-1.608455841147084231e-02
-1.582757050236676538e-02
-1.559614523914444086e-02
-1.537439377242064489e-02
-1.516205844509630092e-02
-1.495573628569179386e-02
-1.474737262613540212e-02
-1.451882988149213495e-02
-1.434597722320051644e-02
-1.416322210321515999e-02
-1.396547869305150499e-02
-1.378248774891576399e-02
-1.360041849874197434e-02
-1.341285978698799133e-02
-1.324216687487924163e-02
-1.306912183629167952e-02
-1.292174978644798980e-02
-1.276381591915381683e-02
-1.261340477130154340e-02
-1.245349768352036098e-02
-1.229117893336480714e-02
-1.216258496747623166e-02
-1.201753732829620100e-02
-1.188153988015222366e-02
-1.174238731477797275e-02
-1.160921489424695738e-02
-1.146159544948443382e-02
-1.133219043673470289e-02
-1.120571846369189731e-02
-1.108378531083772239e-02
-1.096415147785727122e-02
-1.084614170975688012e-02
-1.073362235803320026e-02
-1.061612736541840164e-02
-1.049806115477975275e-02
-1.039487351757158000e-02
-1.029080547609732485e-02
-1.018917533612020455e-02
-1.008409660190202027e-02
-9.978223353650146968e-03
-9.872690949800732793e-03
-9.772929348658488877e-03
-9.683780291379626495e-03
-9.590580380077352862e-03
-9.496124196263612885e-03
-9.410551724297106305e-03
-9.326371517378155909e-03
-9.238084375523722067e-03
-9.149513729620454075e-03
-9.069923504229519817e-03
-8.997065319023162325e-03
-8.921622949331067462e-03
-8.845877069048777366e-03
-8.769558387292429244e-03
-8.697705730183847433e-03
-8.622145319757702417e-03
-8.545349450509606010e-03
-8.481863638860515781e-03
-8.415213966710665891e-03
-8.351100633570446297e-03
-8.287346971163938453e-03
-8.222508667227172718e-03
-8.164030796378214314e-03
-8.103261429795527784e-03
-8.047256481216291668e-03
-7.995235680954868723e-03
-7.946152878691666033e-03
-7.897343548298834531e-03
-7.850359064913775206e-03
-7.800005282046581015e-03
-7.754030310769424381e-03
-7.709122001562595215e-03
-7.663337541378235744e-03
-7.625140638257162269e-03
-7.588346998713356960e-03
-7.555356681057705075e-03
-7.518503034435831088e-03
-7.485835013854572582e-03
-7.455865260350713966e-03
-7.425637038414496967e-03
-7.391028428469371969e-03
-7.374777143784905752e-03
-7.353855674005018751e-03
-7.338463818004497402e-03
-7.324846492895794800e-03
-7.308672970087370241e-03
-7.294488421571249277e-03
-7.283750133960331836e-03
-7.275211274817298436e-03
-7.263130961556552717e-03
-7.263932334032737088e-03
-7.259774616005942524e-03
-7.256826992728491500e-03
-7.257502998555938334e-03
-7.255817804748628322e-03
-7.259919341727032183e-03
-7.278191428544773280e-03
-7.264302416482182334e-03
-7.279624033112440905e-03
-7.265939398340422184e-03
-7.282285461674534860e-03
-7.266672016343837803e-03
-7.279477271528245544e-03
-7.295635013541136929e-03
-7.273376282336197624e-03
-7.292641458660176559e-03
-7.309298179668146343e-03
