0.000000000000000000e+00
0.000000000000000000e+00
0.000000000000000000e+00
0.000000000000000000e+00
0.000000000000000000e+00
-5.850189000238160686e-01
-4.646037136555429270e-01
-3.975747030690707784e-01
-3.264760645089022084e-01
-2.693264566120640580e-01
-2.396942306483342278e-01
-2.122934262145752815e-01
-1.948042732938486399e-01
-1.786683376152337632e-01
-1.646383432318654083e-01
-1.499466148304118562e-01
-1.368712470101845213e-01
-1.250327333357481863e-01
-1.151321120998423236e-01
-1.071918035539443509e-01
-1.002256407572446328e-01
-9.299491703999346326e-02
-8.629319994875958577e-02
-8.073802521523167075e-02
-7.562522513482397568e-02
-7.057049517622777934e-02
-6.587904953602950753e-02
-6.172447905962841208e-02
-5.828492807265539533e-02
-5.535680860420798960e-02
-5.293784540343358935e-02
-5.087094254253938380e-02
-4.913224323750980949e-02
-4.747557039686281510e-02
-4.585930383745686484e-02
-4.432068001652818973e-02
-4.274284305851686755e-02
-4.118728958426173814e-02
-3.980641049027566075e-02
-3.838730619777486891e-02
-3.700859087541445019e-02
-3.575256247472638482e-02
-3.463058377339810201e-02
-3.360061392892592369e-02
-3.263595307970734716e-02
-3.173158051708896421e-02
-3.088031704770376890e-02
-3.005895247119385813e-02
-2.923764363192043678e-02
-2.846318695405831295e-02
-2.769469714887529133e-02
-2.694089284711254778e-02
-2.623853123099454190e-02
-2.558242260928161177e-02
-2.496180996871494306e-02
-2.437405806562484289e-02
-2.377078067492892008e-02
-2.318776530479080972e-02
-2.262231356676185773e-02
-2.205688285379785521e-02
-2.152220027643784311e-02
-2.102263729624145178e-02
-2.051459733215184669e-02
-2.005201446126309711e-02
-1.960693831808282828e-02
-1.920545943880299505e-02
-1.879642350146180224e-02
-1.840923779653971110e-02
-1.803358139891451245e-02
-1.769116223367320218e-02
-1.733093930789347120e-02
-1.698289068023534076e-02
-1.662983403349007835e-02
-1.631260527705263863e-02
-1.600335291403235868e-02
-1.571382793863466271e-02
-1.543171116385144877e-02
-1.515974077514167274e-02
-1.489955218783488126e-02
-1.465478427016526398e-02
-1.440824925993155516e-02
-1.420149820597634872e-02
-1.396870554002474681e-02
-1.374393574827009919e-02
-1.351985767857304468e-02
-1.329760521088636099e-02
-1.308065031571112140e-02
-1.287273965116479506e-02
-1.267195393329204577e-02
-1.248262918056244723e-02
-1.228789668451724451e-02
-1.208600544371112376e-02
-1.188704607046717904e-02
-1.169822810258046644e-02
-1.150260400467299597e-02
-1.131367691012671005e-02
-1.113324962767633930e-02
-1.096306626001125953e-02
-1.079699150218079232e-02
-1.063684797861135477e-02
-1.047325387683341845e-02
-1.030379912889583909e-02
-1.015480190940386100e-02
-1.001955634634392987e-02
-9.884287582092740609e-03
-9.754925597776190754e-03
-9.632352560305659783e-03
-9.506017268784397803e-03
-9.378905004562853448e-03
-9.254007249105215480e-03
-9.131314222441158993e-03
-9.018274485468449897e-03
-8.909496830596656813e-03
-8.796775998916780623e-03
-8.689800542034451306e-03
-8.586981300671796963e-03
-8.480193796286962168e-03
-8.378752065143995828e-03
-8.282528825650980683e-03
-8.190701118052704649e-03
-8.108900501728839513e-03
-8.019193398029280523e-03
-7.934417015078071636e-03
-7.853599820514985119e-03
-7.778700024974962574e-03
-7.697121915287334984e-03
-7.621803462353140927e-03
-7.543213089862264333e-03
-7.469035890608223191e-03
-7.389630582070857989e-03
-7.315040231659174566e-03
-7.237769581535892158e-03
-7.162600760339075424e-03
-7.089652862807332631e-03
-7.018079180989018027e-03
-6.941289350572021725e-03
-6.878688046891285983e-03
-6.809176666793060988e-03
-6.740000071925186624e-03
-6.685439461888119383e-03
-6.636452735777592649e-03
-6.570975633979232559e-03
-6.510957268030828811e-03
-6.447892772353800914e-03
-6.384186238350447046e-03
-6.321777166254635705e-03
-6.257119611109916366e-03
-6.195847223109825740e-03
-6.125203196144854770e-03
-6.064959924850703808e-03
-6.001176528636930664e-03
-5.933986694296681380e-03
-5.867633852175069796e-03
-5.803249431874726860e-03
-5.741198900319702779e-03
-5.680652837286104609e-03
-5.623064529549233991e-03
-5.563323282447287139e-03
-5.507872657065652350e-03
-5.453223757822038727e-03
-5.396432738282352405e-03
-5.344334288652757142e-03
-5.288701017722479553e-03
-5.235089599796322914e-03
-5.185496415172441940e-03
-5.132349871838770040e-03
-5.085858855109734282e-03
-5.044809153140504543e-03
-4.997559839149368424e-03
-4.958674736052840794e-03
-4.915018390935121245e-03
-4.877223667359373467e-03
-4.836040371845986077e-03
-4.797305133224012523e-03
-4.752803013885148996e-03
-4.713365970702639539e-03
-4.675541445427291477e-03
-4.639028667681865427e-03
-4.596643611041466640e-03
-4.556660060459169492e-03
-4.521641961412452976e-03
-4.485967157056481094e-03
-4.441098337966308679e-03
-4.408275414656771286e-03
-4.375245165928508609e-03
-4.348663460046702130e-03
-4.314409322621514525e-03
-4.268804325640923256e-03
-4.236043921687695016e-03
-4.203747138475969272e-03
-4.173931356849765531e-03
-4.144272345384315825e-03
-4.126179103295112699e-03
-4.093132476152115326e-03
-4.049059614928329429e-03
-4.021051889134490305e-03
-3.996234356063014560e-03
-3.980901098827207066e-03
-3.946388875210049725e-03
0.000000000000000000e+00
