0.000000000000000000e+00
0.000000000000000000e+00
0.000000000000000000e+00
0.000000000000000000e+00
0.000000000000000000e+00
-5.783117422570615007e-01
-4.420688874251978984e-01
-3.938943503599560692e-01
-3.212574080637170537e-01
-2.650654152602291980e-01
-2.298222575666745982e-01
-2.104220885335994495e-01
-2.009502898146061922e-01
-1.886713993982408466e-01
-1.778487543171851648e-01
-1.635706860813241903e-01
-1.510200768107679559e-01
-1.389088745118056967e-01
-1.288433468671952853e-01
-1.197315813903752080e-01
-1.116354727461324053e-01
-1.036685975227225331e-01
-9.645985956395311534e-02
-9.069985496060212204e-02
-8.571497360045172986e-02
-8.128444265850666428e-02
-7.679564658055290649e-02
-7.315228198944581650e-02
-6.985436153676109761e-02
-6.634842431698752263e-02
-6.290149710089226742e-02
-5.988961501294905870e-02
-5.724549542520949302e-02
-5.484588427478645500e-02
-5.255717129463338688e-02
-5.055392059850561531e-02
-4.875757561901988141e-02
-4.706672786420611904e-02
-4.557259222133830390e-02
-4.412317245596616977e-02
-4.255442236709180981e-02
-4.105285262565782495e-02
-3.961230413737410611e-02
-3.826849580687091690e-02
-3.699125140468061818e-02
-3.577873631573259133e-02
-3.459455010467917674e-02
-3.343744521764019373e-02
-3.232046739143090708e-02
-3.132437426490793791e-02
-3.032389041497813784e-02
-2.933416481597675776e-02
-2.838557228058692997e-02
-2.756216800960242450e-02
-2.680244815603051098e-02
-2.606160694610402950e-02
-2.533012051568006920e-02
-2.465113268406374583e-02
-2.402965197165425962e-02
-2.342791907441408444e-02
-2.286238712960607378e-02
-2.226711221581776159e-02
-2.172662880095363111e-02
-2.116829881694162058e-02
-2.064192105701811997e-02
-2.016256008583671572e-02
-1.964634181220912407e-02
-1.914728461854882380e-02
-1.868306220419433533e-02
-1.832557277777810759e-02
-1.788560901301120346e-02
-1.752929345413535220e-02
-1.712667670178453713e-02
-1.677270416698325994e-02
-1.643305792755702169e-02
-1.611366456388490034e-02
-1.582753246650312265e-02
-1.555351122899291394e-02
-1.531895226940593359e-02
-1.503235788554005588e-02
-1.477726807998009685e-02
-1.455578602997356641e-02
-1.431134176429130385e-02
-1.406614444960722042e-02
-1.381352238638272958e-02
-1.361714515216787269e-02
-1.338520505711844263e-02
-1.317822973390497983e-02
-1.297356451209038912e-02
-1.277559926144066806e-02
-1.260005988804385746e-02
-1.242417308428372079e-02
-1.225153678792550126e-02
-1.207327558627535602e-02
-1.189563631715268022e-02
-1.172507783457310028e-02
-1.155934349890603945e-02
-1.141156833589082077e-02
-1.125832194761812455e-02
-1.110136586886787194e-02
-1.093956463013713055e-02
-1.078983373117960512e-02
-1.062266556101576151e-02
-1.046592461239172558e-02
-1.030870721392375573e-02
-1.017947681934118324e-02
-1.006584686072597642e-02
-9.910644776986256288e-03
-9.770379338966997743e-03
-9.640475302781125605e-03
-9.510470777318169935e-03
-9.381160701414691452e-03
-9.252230987232977835e-03
-9.121794172064332309e-03
-8.993787072813263714e-03
-8.873536577697538688e-03
-8.758466771980702795e-03
-8.642859356320172284e-03
-8.534330823902107691e-03
-8.427477917243748895e-03
-8.334401279441214921e-03
-8.243691444447450237e-03
-8.146330081878028900e-03
-8.051015160591586811e-03
-7.960239028100809036e-03
-7.864076538970747599e-03
-7.763165433339463094e-03
-7.666789081814740989e-03
-7.581133661459577532e-03
-7.492384481608279669e-03
-7.412347360258966442e-03
-7.327643505326391846e-03
-7.238998496182010370e-03
-7.153863369685185998e-03
-7.063097948762250139e-03
-6.986163990262318421e-03
-6.908911681297053714e-03
-6.832040179046772362e-03
-6.753912860434463199e-03
-6.680688578437813004e-03
-6.604692643258048938e-03
-6.533397561457269381e-03
-6.459303747151354247e-03
-6.388185387406535021e-03
-6.318685641353299562e-03
-6.250010912340005047e-03
-6.184906021329599109e-03
-6.120067582784477662e-03
-6.058456361806483469e-03
-5.998565367095348017e-03
-5.936582341937311942e-03
-5.878095028415574429e-03
-5.819581322030288606e-03
-5.765890603471919215e-03
-5.711051043595875149e-03
-5.661204844219826400e-03
-5.609458043204902655e-03
-5.560147333196122262e-03
-5.514866512443228688e-03
-5.468410741829632382e-03
-5.422603732303231741e-03
-5.376012052550865027e-03
-5.325358109934886369e-03
-5.274894578148730737e-03
-5.227291914260861691e-03
-5.179433628948995096e-03
-5.130819522644254269e-03
-5.087699693252417492e-03
-5.039071730856164652e-03
-4.999102892942099662e-03
-4.955904128076412014e-03
-4.917206266538312609e-03
-4.876997235754900947e-03
-4.838029361320864488e-03
-4.798716734556104056e-03
-4.758078508424901792e-03
-4.720835152902965078e-03
-4.683787658565218004e-03
-4.650001090098907462e-03
-4.615037304790571906e-03
-4.581582960501207058e-03
-4.545290384992264204e-03
-4.515000594178935137e-03
-4.482150770042540866e-03
-4.451485683257989066e-03
-4.419982218729304017e-03
-4.387920377626280954e-03
-4.358690836626130487e-03
-4.328050577179345070e-03
-4.300405681772540532e-03
-4.271252915687280029e-03
-4.247556212690863607e-03
-4.218793453994177517e-03
-4.191128330489219019e-03
-4.163553576408469091e-03
-4.137663511634685765e-03
-4.110573293071830871e-03
-4.085610439283224316e-03
-4.060996954224918576e-03
0.000000000000000000e+00
