0.000000000000000000e+00
0.000000000000000000e+00
0.000000000000000000e+00
0.000000000000000000e+00
0.000000000000000000e+00
0.000000000000000000e+00
-4.258409039893485404e-01
-3.761636400725114071e-01
-3.406796964937168770e-01
-3.103110105893937543e-01
-2.852312607847387049e-01
-2.591411585941024720e-01
-2.393883405092330219e-01
-2.290314207433920557e-01
-2.154782891654240806e-01
-2.021945184533361639e-01
-1.903008086136446786e-01
-1.800611156045768824e-01
-1.693246117911122173e-01
-1.587843823267091337e-01
-1.488110298931011599e-01
-1.398571147426352912e-01
-1.308946628362043507e-01
-1.222746636122387515e-01
-1.142343502642579472e-01
-1.081741217853849496e-01
-1.019729628096464613e-01
-9.658688245125601757e-02
-9.181943004751787207e-02
-8.724104454068908054e-02
-8.326970406452915974e-02
-7.960007326016052542e-02
-7.613918952318673994e-02
-7.315057591246382218e-02
-7.054436934543123483e-02
-6.806160266782501633e-02
-6.573395963220787785e-02
-6.362845929697630298e-02
-6.180949975803604751e-02
-5.958817300317345578e-02
-5.779395695003063799e-02
-5.581521541768554723e-02
-5.417221693240828473e-02
-5.251234857865728217e-02
-5.093464315754321625e-02
-4.962582416177169220e-02
-4.832760971626122448e-02
-4.698655333499791864e-02
-4.570970867688442518e-02
-4.437534042718145610e-02
-4.328745533719416394e-02
-4.228144389226751870e-02
-4.125239921571332430e-02
-4.021507937977701619e-02
-3.919389598673962000e-02
-3.816134137534135662e-02
-3.739536454628930584e-02
-3.652903899257280845e-02
-3.571667726767109585e-02
-3.489000106244275617e-02
-3.407968857469702295e-02
-3.329368559718510340e-02
-3.248090192151595335e-02
-3.173676281933193039e-02
-3.105165322306437103e-02
-3.043354513289426785e-02
-2.976978228356077019e-02
-2.916430520115522590e-02
-2.856542762989616735e-02
-2.792182353099434758e-02
-2.735639016733447046e-02
-2.682984828026819396e-02
-2.630611402938419496e-02
-2.585386081987141316e-02
-2.538157319983399413e-02
-2.492482256982100561e-02
-2.445617313795100597e-02
-2.402330094486609946e-02
-2.358585414277684922e-02
-2.315898528802278963e-02
-2.273057527453982082e-02
-2.231520410637663140e-02
-2.191231874342779162e-02
-2.158796042965891934e-02
-2.124333275717961780e-02
-2.091035061324968483e-02
-2.057409046511679898e-02
-2.023884028476214195e-02
-1.991756580461871706e-02
-1.960760665949155129e-02
-1.929189234524421662e-02
-1.899148318846005656e-02
-1.870345597897833320e-02
-1.840573857888124290e-02
-1.813034659151169584e-02
-1.787644633278923437e-02
-1.762345365416774501e-02
-1.735962111847505485e-02
-1.711594068485635528e-02
-1.687560013073634638e-02
-1.665575894283986835e-02
-1.643048720404373733e-02
-1.621778224762427181e-02
-1.599755489003018560e-02
-1.578833588932338633e-02
-1.557652956719315050e-02
-1.537060301543323286e-02
-1.517022493629428294e-02
-1.497356380923428425e-02
-1.477328370154690207e-02
-1.459953119240970341e-02
-1.441289452616869270e-02
-1.423508905002660030e-02
-1.407531262660228003e-02
-1.391446549008296812e-02
-1.375890641148443984e-02
-1.361210455278403543e-02
-1.346137192002802921e-02
-1.331700421150433349e-02
-1.317715297879110820e-02
-1.304402199783015991e-02
-1.291317744424551675e-02
-1.277614313199151690e-02
-1.264662494577125339e-02
-1.251774485056445819e-02
-1.241421765410805934e-02
-1.230994256871947336e-02
-1.221008238518202574e-02
-1.211598814318204723e-02
-1.202469138320845163e-02
-1.194957469462478057e-02
-1.187805876764231293e-02
-1.180858572227053496e-02
-1.175438517893660773e-02
-1.169635620771946986e-02
-1.165130414335906889e-02
-1.160891497486827087e-02
-1.157528451843209578e-02
-1.155088580481820719e-02
-1.153617718570420364e-02
-1.152760216516212494e-02
-1.152172189499883238e-02
-1.151907705446581637e-02
-1.152536668646450373e-02
-1.154510854602676384e-02
-1.157946395602468467e-02
-1.159379750128560968e-02
-1.165402492368394077e-02
-1.165975380617125315e-02
-1.172396421193997069e-02
-1.170731187140468081e-02
-1.177286045072076411e-02
-1.173839426711936057e-02
-1.178461939374196230e-02
-1.182572301796828811e-02
-1.175928170188813432e-02
-1.178269553405063286e-02
-1.179673020529313499e-02
-1.180983225134944227e-02
-1.182270107732344595e-02
-1.173045592270210297e-02
-1.175409499395325789e-02
-1.178131286244569337e-02
-1.183495263630328538e-02
-1.190442906723142465e-02
-1.171236997136436073e-02
-1.191361677830469860e-02
-1.166063384585775548e-02
-1.178514455278637831e-02
-1.141876054576118800e-02
-1.099649446373554725e-02
-1.079552318228882597e-02
-9.352600413836708801e-03
0.000000000000000000e+00
0.000000000000000000e+00
0.000000000000000000e+00
0.000000000000000000e+00
0.000000000000000000e+00
0.000000000000000000e+00
0.000000000000000000e+00
0.000000000000000000e+00
0.000000000000000000e+00
0.000000000000000000e+00
0.000000000000000000e+00
0.000000000000000000e+00
0.000000000000000000e+00
0.000000000000000000e+00
0.000000000000000000e+00
0.000000000000000000e+00
0.000000000000000000e+00
0.000000000000000000e+00
0.000000000000000000e+00
0.000000000000000000e+00
0.000000000000000000e+00
0.000000000000000000e+00
0.000000000000000000e+00
0.000000000000000000e+00
0.000000000000000000e+00
0.000000000000000000e+00
0.000000000000000000e+00
