0.000000000000000000e+00
0.000000000000000000e+00
0.000000000000000000e+00
0.000000000000000000e+00
0.000000000000000000e+00
0.000000000000000000e+00
-4.602477772285691882e-01
-3.858593491243118567e-01
-3.400180468412631885e-01
-3.057760513713880801e-01
-2.852963196417190317e-01
-2.753701517070045734e-01
-2.665570206393527708e-01
-2.563294014253270081e-01
-2.446804960231217518e-01
-2.314225267820170517e-01
-2.166635720196439796e-01
-2.014071471739033725e-01
-1.883541566673024026e-01
-1.761381398370277240e-01
-1.651151975495639135e-01
-1.556366941528460890e-01
-1.478151647010967906e-01
-1.404220330327161925e-01
-1.334786721881955629e-01
-1.265976240667990860e-01
-1.200434586131669118e-01
-1.145562617129102928e-01
-1.092109009322420193e-01
-1.040432779817538206e-01
-9.929626467349675356e-02
-9.503544891481739698e-02
-9.067929963958978878e-02
-8.699157760591327837e-02
-8.334549188261358710e-02
-7.993859418946876183e-02
-7.668982570078818062e-02
-7.377489522392993715e-02
-7.105616036150631809e-02
-6.856346279702947577e-02
-6.614691586430852810e-02
-6.387468931627889035e-02
-6.183889738174247475e-02
-5.976920093587120841e-02
-5.786338039806278311e-02
-5.598926596082332008e-02
-5.428225803723375070e-02
-5.257178981577585036e-02
-5.100758888976722472e-02
-4.944441157190587049e-02
-4.799935182544592949e-02
-4.657262914615215021e-02
-4.529459143202709676e-02
-4.409029533145543411e-02
-4.297393090602869004e-02
-4.187883498028863172e-02
-4.080872415146685056e-02
-3.981280465407815300e-02
-3.884158805351812377e-02
-3.786588055538714359e-02
-3.696341053655038955e-02
-3.609162796217695729e-02
-3.521017307892970044e-02
-3.440655794574985771e-02
-3.364145206155547130e-02
-3.286129173068955134e-02
-3.213729224271596324e-02
-3.142212933720227308e-02
-3.070132843201960754e-02
-3.006003705171252441e-02
-2.948309780633644184e-02
-2.891249178984635348e-02
-2.836225184956536055e-02
-2.781594960367587271e-02
-2.728812499040293368e-02
-2.676096730361810297e-02
-2.626540092052973008e-02
-2.579016881050538723e-02
-2.529875885391984908e-02
-2.484616834072643499e-02
-2.441944274453432262e-02
-2.397763383687706237e-02
-2.356013620996711549e-02
-2.314193426557953348e-02
-2.275789816314710903e-02
-2.235546284570118572e-02
-2.198630789656421530e-02
-2.161022820073557962e-02
-2.124808497084830494e-02
-2.090103689709297760e-02
-2.055746663705541530e-02
-2.023812480872293554e-02
-1.991936294650598765e-02
-1.963598977904447082e-02
-1.934479975679657959e-02
-1.906713235445288077e-02
-1.879663010310561599e-02
-1.852696776965975789e-02
-1.825910963627421987e-02
-1.800886284854863809e-02
-1.775196525353602700e-02
-1.750315008517836293e-02
-1.726992664397351135e-02
-1.703260911326839183e-02
-1.680351498355396600e-02
-1.657916149264165862e-02
-1.636248519827351519e-02
-1.614981950240870767e-02
-1.593701231091732354e-02
-1.572862958024934601e-02
-1.553143362797895950e-02
-1.533349564264443500e-02
-1.514496070222313279e-02
-1.497477055226406964e-02
-1.481495066428650288e-02
-1.465033286027438500e-02
-1.449657725847215174e-02
-1.434981400388409857e-02
-1.420179358166149750e-02
-1.405756530910643246e-02
-1.392354270911850753e-02
-1.379443037541299051e-02
-1.367175718315397255e-02
-1.355530535787134554e-02
-1.344752640958862995e-02
-1.334433625539171130e-02
-1.324016566153081442e-02
-1.314782687804506162e-02
-1.306793210244646015e-02
-1.299936097982359179e-02
-1.293367928167484665e-02
-1.287816629021333419e-02
-1.283300041332156340e-02
-1.280016481081995734e-02
-1.277128030178155058e-02
-1.274955824600349820e-02
-1.274343278111045655e-02
-1.274848418693289714e-02
-1.275312936247593835e-02
-1.280301720680031459e-02
-1.282710378053344806e-02
-1.284889567504086082e-02
-1.288684176465716008e-02
-1.296889161117855023e-02
-1.299139603624679951e-02
-1.309247414664501362e-02
-1.309014895976474795e-02
-1.318733230944714105e-02
-1.316235996880739390e-02
-1.323875218147285357e-02
-1.331247425276785822e-02
-1.324642025457098242e-02
-1.330846505980909540e-02
-1.335546199941233490e-02
-1.343186483366523749e-02
-1.336391238558388810e-02
-1.343211847362858584e-02
-1.335862932743744555e-02
-1.340132984306096307e-02
-1.347928098647980383e-02
-1.329411859115598241e-02
-1.332905369538425928e-02
-1.356253785050928924e-02
-1.317683833986125694e-02
-1.272383285937228083e-02
-1.205158017637533024e-02
-1.166474210964039970e-02
-9.536370747426803351e-03
0.000000000000000000e+00
0.000000000000000000e+00
0.000000000000000000e+00
0.000000000000000000e+00
0.000000000000000000e+00
0.000000000000000000e+00
0.000000000000000000e+00
0.000000000000000000e+00
0.000000000000000000e+00
0.000000000000000000e+00
0.000000000000000000e+00
0.000000000000000000e+00
0.000000000000000000e+00
0.000000000000000000e+00
0.000000000000000000e+00
0.000000000000000000e+00
0.000000000000000000e+00
0.000000000000000000e+00
0.000000000000000000e+00
0.000000000000000000e+00
0.000000000000000000e+00
0.000000000000000000e+00
0.000000000000000000e+00
0.000000000000000000e+00
0.000000000000000000e+00
0.000000000000000000e+00
0.000000000000000000e+00
0.000000000000000000e+00
0.000000000000000000e+00
0.000000000000000000e+00
0.000000000000000000e+00
0.000000000000000000e+00
