0.000000000000000000e+00
0.000000000000000000e+00
0.000000000000000000e+00
0.000000000000000000e+00
0.000000000000000000e+00
0.000000000000000000e+00
-4.778210469217961665e-01
-4.100348402974117734e-01
-3.629675080933751907e-01
-3.213104257945095799e-01
-2.898899723864429845e-01
-2.656600454358812868e-01
-2.441904006007608319e-01
-2.256033900717871743e-01
-2.080668308769978714e-01
-1.899447645423733566e-01
-1.740156694982922803e-01
-1.585919510955418332e-01
-1.467404469131576850e-01
-1.355313274869598128e-01
-1.268215214001667257e-01
-1.198690926831869202e-01
-1.118553548060050445e-01
-1.055373253608018619e-01
-9.942369908240479559e-02
-9.386554190383318563e-02
-8.929921613142044468e-02
-8.584292124369988231e-02
-8.158600466449145161e-02
-7.971647563131874226e-02
-7.911725263089708360e-02
-7.534594581644764311e-02
-7.243818952471720030e-02
-6.964758858821909482e-02
-6.703831222356869401e-02
-6.510463102251150269e-02
-6.295830320835749117e-02
-6.091253041103322774e-02
-5.880832107630998284e-02
-5.655290222178843695e-02
-5.424042270502484747e-02
-5.202102832226626616e-02
-5.020607813834509353e-02
-4.837998450398568739e-02
-4.671932999281667304e-02
-4.519729542166504854e-02
-4.392944287616063620e-02
-4.269981448439380545e-02
-4.149507253129162965e-02
-4.018832601554563760e-02
-3.898482198748924599e-02
-3.774011562597517216e-02
-3.663642716189055570e-02
-3.548897500556812135e-02
-3.442026575334591887e-02
-3.348743936139920302e-02
-3.255787253480916382e-02
-3.176890885836131800e-02
-3.096447154350739223e-02
-3.023776097847218416e-02
-2.956631672261453639e-02
-2.888221647834424491e-02
-2.827981148461203298e-02
-2.772336990951489513e-02
-2.714212216389879154e-02
-2.657157004745907061e-02
-2.605721259264692433e-02
-2.552985716979031330e-02
-2.501260884138978291e-02
-2.454777828585209820e-02
-2.408443863002424079e-02
-2.364760350889584875e-02
-2.321832714786168858e-02
-2.280886774740624456e-02
-2.240292399884661473e-02
-2.199165020030821246e-02
-2.160827189501944925e-02
-2.123835779734100510e-02
-2.086474013097538299e-02
-2.051996927664708620e-02
-2.015746303695144584e-02
-1.984480856090996628e-02
-1.952616367791836990e-02
-1.923149797558243099e-02
-1.892623149118306120e-02
-1.862600151289521902e-02
-1.832559201478334288e-02
-1.805439394093611913e-02
-1.779625986113515801e-02
-1.752474325996217566e-02
-1.728750832017043534e-02
-1.702997337073592493e-02
-1.679077385877803669e-02
-1.653499402905569612e-02
-1.631102827542041389e-02
-1.606473432104765092e-02
-1.583259597902964694e-02
-1.560655965057900288e-02
-1.539326633296455617e-02
-1.518800774440414759e-02
-1.498255906165316641e-02
-1.478144850511394111e-02
-1.459267176600095861e-02
-1.439177466324465318e-02
-1.421780152846174525e-02
-1.403064034101276190e-02
-1.384520961858009061e-02
-1.367006011402244377e-02
-1.349559605350961720e-02
-1.334180218380329533e-02
-1.318629347765185728e-02
-1.302483456059366079e-02
-1.287333615500271637e-02
-1.272901387710128306e-02
-1.258141148563059371e-02
-1.243594994791158426e-02
-1.228582585751400967e-02
-1.215237194695762378e-02
-1.202450986686926480e-02
-1.189543966569978593e-02
-1.175948389978723370e-02
-1.163294108166273814e-02
-1.151522426403164476e-02
-1.139224489399801900e-02
-1.128214750473945094e-02
-1.117184907531755360e-02
-1.106242272008424281e-02
-1.094871527166442482e-02
-1.085008308845450235e-02
-1.074228193594132727e-02
-1.063741966914329845e-02
-1.052889289250829273e-02
-1.042785713270792322e-02
-1.033591280763030557e-02
-1.024456068675065439e-02
-1.015569759438106519e-02
-1.007069242747056156e-02
-9.986337794890649475e-03
-9.905462778351513745e-03
-9.828125431940577111e-03
-9.752287620805127899e-03
-9.677987877610974218e-03
-9.610181109905009331e-03
-9.540723048608930335e-03
-9.480660659119925435e-03
-9.425069819193488546e-03
-9.366979832329714803e-03
-9.318889868260946119e-03
-9.268457590223828924e-03
-9.225658728765620195e-03
-9.185588235411190280e-03
-9.148002743418539098e-03
-9.115319918345545641e-03
-9.087542393736632376e-03
-9.059470085104872825e-03
-9.038413822431213759e-03
-9.022784894319128141e-03
-9.006600311755395827e-03
-8.997797673442341909e-03
-8.989085360866840707e-03
-8.987138987069093546e-03
-8.988178306285237937e-03
-8.997430000450102466e-03
-8.995207406619350893e-03
-9.011267727530488866e-03
-9.007030259289727780e-03
-9.027310704571592237e-03
-9.056102976026802684e-03
-9.037341221345165237e-03
-9.061770465044558659e-03
-9.087646122136932084e-03
-9.057630013466601640e-03
-9.076873906597865416e-03
-9.094498520668275326e-03
-9.045594136882542310e-03
-9.051576078400432393e-03
-9.055946489464358415e-03
-9.053520401876256896e-03
-9.046393361613561807e-03
-8.966763689263249765e-03
-8.950128470430571137e-03
-8.942935789961052248e-03
-8.923610876100225575e-03
-8.916771266056796805e-03
-8.917906840360907347e-03
-8.935166696482865767e-03
-8.893717533217186319e-03
-8.929388142120070829e-03
-8.850365461246036819e-03
-8.930510136978899588e-03
-8.869621278726808403e-03
-8.805730688100111073e-03
-8.684544568851605348e-03
-8.549719753725343319e-03
-8.367180378584556169e-03
-8.171202471148391808e-03
-7.843334840574556557e-03
-7.234778238667582094e-03
0.000000000000000000e+00
0.000000000000000000e+00
