0.000000000000000000e+00
0.000000000000000000e+00
0.000000000000000000e+00
0.000000000000000000e+00
0.000000000000000000e+00
-6.749499521272069869e-01
-5.001977961318957444e-01
-3.794963421203073617e-01
-3.081053579153699706e-01
-2.627179160344914610e-01
-2.345017247323065157e-01
-2.068665196646795046e-01
-1.851440528940610508e-01
-1.669437454151481426e-01
-1.531113893586151520e-01
-1.413901027939331312e-01
-1.325806313437504491e-01
-1.244982746394031475e-01
-1.159899468857913812e-01
-1.073261385579505622e-01
-9.958212740246372152e-02
-9.364514523845608729e-02
-8.811876068550579533e-02
-8.296695920649790890e-02
-7.826195485780805539e-02
-7.375561178146612662e-02
-6.959634688663830782e-02
-6.610741936683367515e-02
-6.276242727069424043e-02
-5.982104159798464632e-02
-5.696537859628753725e-02
-5.433562937938307691e-02
-5.170763555405683692e-02
-4.894597374646808552e-02
-4.655066533261999207e-02
-4.438066417059409463e-02
-4.228263709699853212e-02
-4.057435777768111235e-02
-3.915341487025902206e-02
-3.778143248373258545e-02
-3.646554366058326474e-02
-3.527093823349559260e-02
-3.429603673362524585e-02
-3.328308557566700410e-02
-3.241206299610433633e-02
-3.160879929396305521e-02
-3.079818179338312048e-02
-2.997216609676563170e-02
-2.914208587477625650e-02
-2.833469185032373369e-02
-2.756827295861201052e-02
-2.679002173419442467e-02
-2.606029154396505634e-02
-2.532547793709737094e-02
-2.472068293129122199e-02
-2.412383472885061206e-02
-2.356809888394419475e-02
-2.301281886077551769e-02
-2.245725765963449069e-02
-2.192296720416017641e-02
-2.139109851907115140e-02
-2.089356944125597693e-02
-2.044202394773863424e-02
-1.996899168651273745e-02
-1.952343377845741981e-02
-1.909690401110077790e-02
-1.873280397651280044e-02
-1.830018667257659118e-02
-1.792556983738484086e-02
-1.761350188163067834e-02
-1.723491078495530127e-02
-1.692111691218574007e-02
-1.653116920156972453e-02
-1.620790455891445506e-02
-1.593781546800348420e-02
-1.558007303966560571e-02
-1.528280197739072081e-02
-1.499833270902153209e-02
-1.468055307118708644e-02
-1.444951929450697184e-02
-1.415463795485205623e-02
-1.391510661274597029e-02
-1.368340753487629936e-02
-1.343391844098616901e-02
-1.322716900201107056e-02
-1.303671083584490888e-02
-1.282334076330407871e-02
-1.262020436970177732e-02
-1.241462273520651562e-02
-1.220427249909282127e-02
-1.201061482735915446e-02
-1.182627417050431673e-02
-1.165642919726283394e-02
-1.149338817586999240e-02
-1.133735905774062476e-02
-1.118217793385125301e-02
-1.102293025277488632e-02
-1.086104185532617804e-02
-1.070301718544912351e-02
-1.054921638428647432e-02
-1.040048770795001278e-02
-1.025369356779646732e-02
-1.011350777808826297e-02
-9.967384278067951617e-03
-9.822149311352673315e-03
-9.691859030234464822e-03
-9.566516544912301648e-03
-9.445611599083275634e-03
-9.327448793075041739e-03
-9.215452607318413286e-03
-9.100035812404970795e-03
-8.989400231801647143e-03
-8.880343147370106313e-03
-8.767822737695574534e-03
-8.660356897818098643e-03
-8.553393146768542912e-03
-8.446729165045017626e-03
-8.335459562609320167e-03
-8.224890301842865264e-03
-8.117228583492249946e-03
-8.006802528971561361e-03
-7.895381345179192448e-03
-7.788276481728589537e-03
-7.682715960929379154e-03
-7.588259440994193396e-03
-7.490805972122453402e-03
-7.392458521681987728e-03
-7.305150399726505206e-03
-7.219704875682593677e-03
-7.131553647452918213e-03
-7.054378771182882348e-03
-6.973185348757109797e-03
-6.896013484624621999e-03
-6.819685196473832672e-03
-6.748173855098030249e-03
-6.675608038447567588e-03
-6.603353737709167365e-03
-6.532612561850983414e-03
-6.463723559293068667e-03
-6.396827565746266570e-03
-6.326653212560921780e-03
-6.263738956851869037e-03
-6.200830799131727862e-03
-6.139100019468089232e-03
-6.078238474589112497e-03
-6.016342247347871396e-03
-5.960516200278411815e-03
-5.903674769657474286e-03
-5.849134473287430705e-03
-5.795505921050324825e-03
-5.741929289224535597e-03
-5.687666094840948539e-03
-5.635387824183745072e-03
-5.577738835193397568e-03
-5.525992756264024031e-03
-5.473007021503564773e-03
-5.424451261664087372e-03
-5.374622824155616922e-03
-5.327957395218875340e-03
-5.285578535094596214e-03
-5.239858138352223790e-03
-5.194432076076361052e-03
-5.148404210284136112e-03
-5.103718190849993071e-03
-5.059073482395723062e-03
-5.018538868393319398e-03
-4.975344989759076381e-03
-4.935819252270800747e-03
-4.886622316868034603e-03
-4.849229632231275185e-03
-4.814981580082213462e-03
-4.770335689530582485e-03
-4.749654566217171962e-03
-4.710901402158375155e-03
-4.675785837657898784e-03
-4.641312191011185903e-03
-4.605447461423950624e-03
-4.570505088625106266e-03
-4.537727846214613218e-03
-4.501700914900636126e-03
-4.477536589085926583e-03
-4.439929627841128490e-03
-4.410186953262047391e-03
-4.379921146013333530e-03
-4.356292985638017708e-03
-4.329422107901674012e-03
-4.302291855235986819e-03
-4.274075493743857007e-03
-4.249834993529342207e-03
-4.221087829296278453e-03
-4.194282218096779917e-03
-4.171124333868059947e-03
-4.144720793522343495e-03
-4.118892549270681755e-03
-4.093209897545045661e-03
-4.068995666023706402e-03
-4.042673976161726204e-03
-4.019012138337261543e-03
-3.996061320321589970e-03
0.000000000000000000e+00
